0.0 0.00
1.0 0.01
2.0 0.02
3.0 0.04
4.0 0.06
5.0 0.09
6.0 0.12
7.0 0.16
8.0 0.20
9.0 0.25
10.0 0.31
11.0 0.36
12.0 0.43
13.0 0.50
14.0 0.57
15.0 0.65
16.0 0.73
17.0 0.82
18.0 0.92
19.0 1.02
20.0 1.13
21.0 1.24
22.0 1.35
23.0 1.47
24.0 1.60
25.0 1.73
26.0 1.86
27.0 2.00
28.0 2.14
29.0 2.29
30.0 2.44
31.0 2.59
32.0 2.75
33.0 2.92
34.0 3.09
35.0 3.26
36.0 3.44
37.0 3.62
38.0 3.81
39.0 4.00
40.0 4.19
41.0 4.38
42.0 4.58
43.0 4.79
44.0 4.99
45.0 5.21
46.0 5.42
47.0 5.64
48.0 5.86
49.0 6.08
50.0 6.31
51.0 6.54
52.0 6.77
53.0 7.01
54.0 7.25
55.0 7.49
56.0 7.74
57.0 7.98
58.0 8.23
59.0 8.48
60.0 8.74
61.0 8.99
62.0 9.25
63.0 9.51
64.0 9.77
65.0 10.03
66.0 10.29
67.0 10.55
68.0 10.82
69.0 11.09
70.0 11.35
71.0 11.63
72.0 11.90
73.0 12.17
74.0 12.44
75.0 12.71
76.0 12.98
77.0 13.26
78.0 13.53
79.0 13.80
80.0 14.07
81.0 14.34
82.0 14.61
83.0 14.88
84.0 15.15
85.0 15.43
86.0 15.71
87.0 15.99
88.0 16.27
89.0 16.55
90.0 16.84
91.0 17.14
92.0 17.44
93.0 17.74
94.0 18.05
95.0 18.36
96.0 18.66
97.0 18.97
98.0 19.27
99.0 19.57
100.0 19.87
101.0 20.17
102.0 20.46
103.0 20.75
104.0 21.04
105.0 21.32
106.0 21.61
107.0 21.89
108.0 22.18
109.0 22.47
110.0 22.76
111.0 23.05
112.0 23.33
113.0 23.60
114.0 23.88
115.0 24.16
116.0 24.43
117.0 24.69
118.0 24.95
119.0 25.20
120.0 25.44
121.0 25.67
122.0 25.90
123.0 26.13
124.0 26.34
125.0 26.53
126.0 26.72
127.0 26.90
128.0 27.07
129.0 27.24
130.0 27.41
131.0 27.57
132.0 27.74
133.0 27.91
134.0 28.09
135.0 28.28
136.0 28.49
137.0 28.71
138.0 28.94
139.0 29.19
140.0 29.44
141.0 29.71
142.0 29.97
143.0 30.24
144.0 30.52
145.0 30.82
146.0 31.12
147.0 31.44
148.0 31.77
149.0 32.12
150.0 32.49
151.0 32.89
152.0 33.34
153.0 33.84
154.0 34.40
155.0 35.01
156.0 35.68
157.0 36.41
158.0 37.21
159.0 38.09
160.0 39.06
161.0 40.14
162.0 41.35
163.0 42.71
164.0 44.26
165.0 46.06
166.0 48.26
167.0 51.06
168.0 54.98
169.0 61.33
170.0 65.86
171.0 58.11
172.0 53.64
173.0 50.81
174.0 48.80
175.0 47.29
176.0 46.12
177.0 45.20
178.0 44.46
179.0 43.87
180.0 43.40
181.0 43.01
182.0 42.74
183.0 42.57
184.0 42.50
185.0 42.52
186.0 42.64
187.0 42.85
188.0 43.15
189.0 43.56
190.0 44.07
191.0 44.67
192.0 45.34
193.0 45.99
194.0 46.54
195.0 46.82
196.0 46.71
197.0 46.18
198.0 45.31
199.0 44.25
200.0 43.12
201.0 42.00
202.0 40.93
203.0 39.95
204.0 39.04
205.0 38.18
206.0 37.36
207.0 36.59
208.0 35.86
209.0 35.15
210.0 34.49
211.0 33.86
212.0 33.27
213.0 32.72
214.0 32.20
215.0 31.70
216.0 31.24
217.0 30.80
218.0 30.39
219.0 30.00
220.0 29.62
221.0 29.26
222.0 28.92
223.0 28.59
224.0 28.27
225.0 27.97
226.0 27.69
227.0 27.42
228.0 27.16
229.0 26.93
230.0 26.71
231.0 26.51
232.0 26.33
233.0 26.16
234.0 26.01
235.0 25.86
236.0 25.73
237.0 25.59
238.0 25.45
239.0 25.31
240.0 25.17
241.0 25.03
242.0 24.88
243.0 24.72
244.0 24.55
245.0 24.38
246.0 24.20
247.0 24.01
248.0 23.82
249.0 23.63
250.0 23.43
251.0 23.21
252.0 22.99
253.0 22.75
254.0 22.49
255.0 22.22
256.0 21.93
257.0 21.64
258.0 21.33
259.0 21.02
260.0 20.69
261.0 20.36
262.0 20.02
263.0 19.68
264.0 19.34
265.0 18.99
266.0 18.65
267.0 18.31
268.0 17.97
269.0 17.62
270.0 17.28
271.0 16.94
272.0 16.60
273.0 16.27
274.0 15.94
275.0 15.61
276.0 15.28
277.0 14.95
278.0 14.63
279.0 14.31
280.0 13.99
281.0 13.68
282.0 13.36
283.0 13.04
284.0 12.73
285.0 12.41
286.0 12.10
287.0 11.79
288.0 11.49
289.0 11.19
290.0 10.89
291.0 10.60
292.0 10.31
293.0 10.03
294.0 9.75
295.0 9.48
296.0 9.22
297.0 8.95
298.0 8.69
299.0 8.43
300.0 8.18
301.0 7.92
302.0 7.67
303.0 7.43
304.0 7.18
305.0 6.94
306.0 6.70
307.0 6.47
308.0 6.24
309.0 6.01
310.0 5.78
311.0 5.56
312.0 5.34
313.0 5.13
314.0 4.92
315.0 4.72
316.0 4.51
317.0 4.32
318.0 4.12
319.0 3.93
320.0 3.75
321.0 3.56
322.0 3.39
323.0 3.21
324.0 3.05
325.0 2.88
326.0 2.72
327.0 2.57
328.0 2.42
329.0 2.27
330.0 2.13
331.0 1.99
332.0 1.86
333.0 1.73
334.0 1.60
335.0 1.48
336.0 1.36
337.0 1.25
338.0 1.14
339.0 1.03
340.0 0.93
341.0 0.83
342.0 0.74
343.0 0.66
344.0 0.58
345.0 0.50
346.0 0.43
347.0 0.37
348.0 0.31
349.0 0.25
350.0 0.20
351.0 0.16
352.0 0.12
353.0 0.09
354.0 0.06
355.0 0.04
356.0 0.02
357.0 0.01
358.0 0.00
359.0 0.00
