0.0 0.17
1.0 0.04
2.0 0.00
3.0 0.05
4.0 0.18
5.0 0.41
6.0 0.72
7.0 1.13
8.0 1.62
9.0 2.22
10.0 2.92
11.0 3.74
12.0 4.68
13.0 5.76
14.0 6.99
15.0 8.41
16.0 10.04
17.0 11.94
18.0 14.19
19.0 16.87
20.0 20.11
21.0 23.75
22.0 26.06
23.0 24.98
24.0 22.85
25.0 21.18
26.0 20.06
27.0 19.39
28.0 19.07
29.0 19.04
30.0 19.26
31.0 19.72
32.0 20.39
33.0 21.31
34.0 22.50
35.0 24.02
36.0 25.99
37.0 28.65
38.0 32.52
39.0 38.87
40.0 41.37
41.0 34.37
42.0 30.18
43.0 27.47
44.0 25.56
45.0 24.16
46.0 23.12
47.0 22.36
48.0 21.82
49.0 21.47
50.0 21.28
51.0 21.25
52.0 21.34
53.0 21.56
54.0 21.89
55.0 22.32
56.0 22.84
57.0 23.45
58.0 24.15
59.0 24.92
60.0 25.76
61.0 26.68
62.0 27.67
63.0 28.76
64.0 29.93
65.0 31.22
66.0 32.63
67.0 34.18
68.0 35.88
69.0 37.69
70.0 39.49
71.0 41.02
72.0 41.91
73.0 42.04
74.0 41.67
75.0 41.16
76.0 40.76
77.0 40.56
78.0 40.59
79.0 40.86
80.0 41.35
81.0 42.05
82.0 42.93
83.0 43.94
84.0 44.99
85.0 45.92
86.0 46.56
87.0 46.79
88.0 46.63
89.0 46.21
90.0 45.66
91.0 45.04
92.0 44.38
93.0 43.68
94.0 42.94
95.0 42.15
96.0 41.34
97.0 40.53
98.0 39.74
99.0 39.02
100.0 38.38
101.0 37.83
102.0 37.40
103.0 37.10
104.0 36.94
105.0 36.91
106.0 37.03
107.0 37.27
108.0 37.61
109.0 38.02
110.0 38.45
111.0 38.81
112.0 39.05
113.0 39.11
114.0 39.00
115.0 38.72
116.0 38.33
117.0 37.88
118.0 37.38
119.0 36.87
120.0 36.38
121.0 35.93
122.0 35.54
123.0 35.24
124.0 35.06
125.0 35.01
126.0 35.11
127.0 35.38
128.0 35.81
129.0 36.42
130.0 37.22
131.0 38.21
132.0 39.39
133.0 40.76
134.0 42.28
135.0 43.89
136.0 45.42
137.0 46.57
138.0 47.06
139.0 46.87
140.0 46.28
141.0 45.57
142.0 44.90
143.0 44.34
144.0 43.90
145.0 43.58
146.0 43.34
147.0 43.16
148.0 43.01
149.0 42.87
150.0 42.73
151.0 42.57
152.0 42.39
153.0 42.19
154.0 41.98
155.0 41.77
156.0 41.56
157.0 41.35
158.0 41.16
159.0 40.98
160.0 40.82
161.0 40.68
162.0 40.56
163.0 40.45
164.0 40.36
165.0 40.31
166.0 40.34
167.0 40.46
168.0 40.73
169.0 41.20
170.0 41.93
171.0 42.99
172.0 44.47
173.0 46.44
174.0 48.73
175.0 50.13
176.0 48.89
177.0 46.34
178.0 43.99
179.0 42.13
180.0 40.70
181.0 39.63
182.0 38.82
183.0 38.24
184.0 37.82
185.0 37.55
186.0 37.40
187.0 37.36
188.0 37.44
189.0 37.66
190.0 38.06
191.0 38.68
192.0 39.59
193.0 40.84
194.0 42.47
195.0 44.25
196.0 45.23
197.0 44.25
198.0 42.06
199.0 39.88
200.0 38.08
201.0 36.69
202.0 35.68
203.0 35.00
204.0 34.61
205.0 34.52
206.0 34.70
207.0 35.16
208.0 35.92
209.0 37.01
210.0 38.49
211.0 40.46
212.0 43.13
213.0 46.69
214.0 50.12
215.0 48.56
216.0 44.73
217.0 41.68
218.0 39.37
219.0 37.59
220.0 36.18
221.0 35.06
222.0 34.18
223.0 33.52
224.0 33.05
225.0 32.77
226.0 32.67
227.0 32.73
228.0 32.97
229.0 33.37
230.0 33.94
231.0 34.69
232.0 35.61
233.0 36.73
234.0 38.05
235.0 39.59
236.0 41.32
237.0 43.20
238.0 45.08
239.0 46.72
240.0 48.00
241.0 49.09
242.0 50.48
243.0 52.86
244.0 57.69
245.0 65.57
246.0 55.28
247.0 49.46
248.0 45.90
249.0 43.48
250.0 41.80
251.0 40.64
252.0 39.91
253.0 39.52
254.0 39.40
255.0 39.49
256.0 39.71
257.0 39.95
258.0 40.10
259.0 40.07
260.0 39.80
261.0 39.29
262.0 38.60
263.0 37.81
264.0 36.97
265.0 36.15
266.0 35.38
267.0 34.70
268.0 34.11
269.0 33.62
270.0 33.20
271.0 32.84
272.0 32.50
273.0 32.14
274.0 31.74
275.0 31.31
276.0 30.84
277.0 30.37
278.0 29.91
279.0 29.48
280.0 29.09
281.0 28.76
282.0 28.48
283.0 28.26
284.0 28.09
285.0 27.98
286.0 27.94
287.0 27.97
288.0 28.09
289.0 28.29
290.0 28.58
291.0 28.97
292.0 29.45
293.0 30.01
294.0 30.63
295.0 31.27
296.0 31.84
297.0 32.19
298.0 32.13
299.0 31.54
300.0 30.50
301.0 29.20
302.0 27.82
303.0 26.48
304.0 25.25
305.0 24.13
306.0 23.13
307.0 22.26
308.0 21.50
309.0 20.84
310.0 20.28
311.0 19.81
312.0 19.44
313.0 19.16
314.0 18.97
315.0 18.88
316.0 18.91
317.0 19.06
318.0 19.35
319.0 19.82
320.0 20.50
321.0 21.45
322.0 22.75
323.0 24.56
324.0 27.15
325.0 30.94
326.0 34.91
327.0 31.86
328.0 27.21
329.0 23.87
330.0 21.42
331.0 19.57
332.0 18.14
333.0 17.05
334.0 16.23
335.0 15.67
336.0 15.34
337.0 15.26
338.0 15.45
339.0 15.94
340.0 16.79
341.0 18.11
342.0 20.01
343.0 22.30
344.0 23.21
345.0 20.68
346.0 17.17
347.0 14.12
348.0 11.63
349.0 9.56
350.0 7.83
351.0 6.35
352.0 5.10
353.0 4.02
354.0 3.10
355.0 2.33
356.0 1.68
357.0 1.14
358.0 0.72
359.0 0.40
